Epoch: 1
Hits@1: (0.9930555555555556, 0.8, 0.5833333333333334)
Hits@3: (0.9965277777777778, 0.8666666666666667, 1.0)
Hits@10: (1.0, 1.0, 1.0)
Hits@20: (1.0, 1.0, 1.0)
Hits@50: (1.0, 1.0, 1.0)
Hits@100: (1.0, 1.0, 1.0)
MRR: 0.7361
mrr_hit1: 0.5833
mrr_hit3: 1.0
mrr_hit10: 1.0
mrr_hit20: 1.0
mrr_hit50: 1.0
mrr_hit100: 1.0
AUC: 0.97
AP: 0.937
ACC: 0.9459459185600281

Epoch: 2
Hits@1: (1.0, 0.7333333333333333, 0.6666666666666666)
Hits@3: (1.0, 0.9333333333333333, 1.0)
Hits@10: (1.0, 1.0, 1.0)
Hits@20: (1.0, 1.0, 1.0)
Hits@50: (1.0, 1.0, 1.0)
Hits@100: (1.0, 1.0, 1.0)
MRR: 0.8194
mrr_hit1: 0.6667
mrr_hit3: 1.0
mrr_hit10: 1.0
mrr_hit20: 1.0
mrr_hit50: 1.0
mrr_hit100: 1.0
AUC: 0.9833
AP: 0.9652
ACC: 0.9189189076423645

